 50 150
 80 150
110 150
140 150
170 150
200 150
200 110
230 110
260 110
260  70
290  70
320  70
350  70
380  70
380 110
380 150
410 150
440 150
470 150
500 150
500 110
500  70
500  30
530  30
560  30
590  60
620  60
650  90
680 110
710 110
740 110
770 110
770 70
770 30
800 30
830 30
860 30
860 70
890 70
920 70
950 70
950 30
980 30
1010 30
1040 30
1070 30
1070 70
1070 110
1070 150
1040 150
1010 150
980 150
950 150
950 190
950 230
980 230
1010 230
1040 230
1070 230
1070 270
1070 310
1040 310
1010 310
980 310
950 310
950 350
950 390
980 390
1010 390
1040 390
1040 430
1070 430
1070 470
1070 510
1040 510
1010 550
980 550
950 590
950 630
920 630
890 670
890 710
860 710
830 710
800 710
770 710
740 710
740 670
740 630
740 590
770 590
800 590
830 590
860 590
860 550
860 510
860 470
860 430
860 390
830 390
800 390
770 390
740 390
710 390
680 390
680 430
650 430
620 430
590 430
560 430
530 430
500 430
500 470
500 510
500 550
530 550
560 550
590 550
590 590
590 630
590 670
590 710
560 710
530 710
500 710
470 710
440 710
440 670
410 670
380 670
350 670
320 670
290 670
260 670
260 710
260 750
230 750
200 750
170 750
140 750
110 750
110 710
110 670
110 630
110 590
 80 590
 50 590
 50 550
 50 510
 50 470
 50 430
 80 430
110 430
140 430
170 430
170 470
140 470
110 470
110 510
140 510
170 510
200 510
230 510
260 510
290 510
320 510
350 510
380 510
380 470
380 430
380 390
380 350
350 350
320 350
290 350
260 350
230 350
230 310
200 310
170 310
140 310
110 310
80  310
50  310
50  270
50  230
50  190

