  220   645    72    35
  292   645    72    70
  411   690    60   110
  512   645    35   110
  547   645    84    57
  591   737    58    33
  682   645    67    55
  700   736    51    64
  797   645    50   110
  847   645    82    68
  881   750    56    53
  929   689    52    24
  981   715    70    52
  990   612   122    44
  928   520   128    43
  978   437    87    37
 1065   403    51    34
  929   355    86    41
  929   310   124    45
 1056    40    60   228
  999    40    57   180
  934    40    65   103
  820    40   114    62
  715    40    55    68
  762   149   117    50
  715   250   117   165
  435   406   231    47
  550   298   112    55
  435   197   124    57
  466    83    92    57
  301    40   103   103
  130    87   112   107
   20    87    56   139
  188   194   247    77
   70   271   118    12
   70   283    24    95
   94   370    74     8
  137   318    83    23
  220   318   148   108
  288   517   125   113
  100   531    26    99
    0     0  1123    16
  100   630   832    15
 1112     0   801    11
  878   199    51   431
  413   453   465   177
  413   271    22   182
  610    40   105   258
    0     0    20   816
   20   426   200    51
   20     0  1092    40
