  660   408   216   105
  876   303   216   210
 1233    48   180   330
 1536   183   105   330
 1641   342   252   171
 1773   138   174    99
 2046   348   201   165
 2100    48   153   192
 2391   183   150   330
 2541   309   246   204
 2643    39   168   159
 2787   309   156    72
 2943   147   210   156
 2970   480   366   132
 2784   759   384   129
 2934  1026   261   111
 3195  1137   153   102
 2787  1260   258   123
 2787  1383   372   135
 3168  1644   180   684
 2997  1788   171   540
 2802  2019   195   309
 2460  2142   342   186
 2145  2124   165   204
 2286  1851   351   150
 2145  1203   351   495
 1305  1089   693   141
 1650  1389   336   165
 1305  1686   372   171
 1398  2028   276   171
  903  2019   309   309
  390  1866   336   321
   60  1770   168   417
  564  1635   741   231
  210  1599   354    36
  210  1314    72   285
  282  1314   222    24
  411  1425   249    69
  660  1170   444   324
  864   558   375   339
  300   558    78   297
    0  2400  3369    48
  300   513  2496    45
 3336  2415  2403    33
 2634   558   153  1293
 1239   558  1395   531
 1239  1089    66   546
 1830  1554   315   774
    0     0    60  2448
   60  1017   600   153
   60  2328  3276   120
    0     0  3369    48
 3321     0    48  2448
 3321     0    48  2448
