  220   136    72    35
  292   101    72    70
  411    16    60   110
  512    61    35   110
  547   114    84    57
  591    46    58    33
  682   116    67    55
  700    16    51    64
  797    61    50   110
  847   103    82    68
  881    13    56    53
  929   103    52    24
  981    49    70    52
  990   160   122    44
  928   253   128    43
  978   342    87    37
 1065   379    51    34
  929   420    86    41
  929   461   124    45
 1056   548    60   228
  999   596    57   180
  934   673    65   103
  820   714   114    62
  715   708    55    68
  762   617   117    50
  715   401   117   165
  435   363   231    47
  550   463   112    55
  435   562   124    57
  466   676    92    57
  301   673   103   103
  130   622   112   107
   20   590    56   139
  188   545   247    77
   70   533   118    12
   70   438    24    95
   94   438    74     8
  137   475    83    23
  220   390   148   108
  288   186   125   113
  100   186    26    99
    0   800  1123    16
  100   171   832    15
 1112   805   801    11
  878   186    51   431
  413   186   465   177
  413   363    22   182
  610   518   105   258
    0     0    20   816
   20   339   200    51
   20   776  1092    40
    0     0  1123    16
 1107     0    16   816
