  220   206    72    35
  292   241    72    70
  411   236    60   110
  512   281    35   110
  547   228    84    57
  591   112    58    33
  682   226    67    55
  700   144    51    64
  797   281    50   110
  847   239    82    68
  881   119    56    53
  929   151    52    24
  981   153    70    52
  990   248   122    44
  928   339   128    43
  978   416    87    37
 1065   447    51    34
  929   502    86    41
  929   551   124    45
 1056  1004    60   228
  999   956    57   180
  934   879    65   103
  820   838   114    62
  715   844    55    68
  762   717   117    50
  715   731   117   165
  435   457   231    47
  550   573   112    55
  435   676   124    57
  466   790    92    57
  301   879   103   103
  130   836   112   107
   20   868    56   139
  188   699   247    77
   70   557   118    12
   70   628    24    95
   94   454    74     8
  137   521    83    23
  220   606   148   108
  288   412   125   113
  100   384    26    99
    0   832  1123    16
  100   201   832    15
 1112   827   801    11
  878  1048    51   431
  413   540   465   177
  413   727    22   182
  610  1034   105   258
    0  1632    20   816
   20   441   200    51
   20   856  1092    40
   20   856  1092    40
